1	17	0	2
2	15	1	4
3	4	7	8
4	7	11	9
5	20	18	8
6	8	20	9
7	18	26	3
8	20	35	3
9	19	43	10
10	18	48	3
11	2	54	9
12	18	62	3
13	9	72	5
14	17	77	0
15	11	87	2
16	10	97	0
17	15	102	9
18	5	103	4
19	17	111	8
20	12	118	3
21	5	122	1
22	9	130	10
23	4	135	8
24	7	141	5
25	10	150	10
26	3	156	9
27	20	161	7
28	6	171	4
29	14	177	9
30	4	182	8
31	1	184	3
32	3	192	1
33	2	197	2
34	13	200	3
35	2	205	7
36	17	214	6
37	3	216	8
38	15	220	0
39	17	222	10
40	3	232	0
41	5	238	9
42	17	239	9
43	9	246	10
44	19	250	8
45	5	258	5
46	4	264	3
47	1	268	6
48	15	275	7
49	8	277	3
50	4	280	2
51	16	282	2
52	1	287	8
53	4	291	6
54	9	292	1
55	3	294	7
56	14	299	2
57	3	300	1
58	13	303	9
59	16	307	2
60	9	308	7
61	4	309	10
62	3	315	0
63	12	318	8
64	9	320	1
65	14	323	2
66	2	325	1
67	3	327	1
68	20	333	6
69	10	338	2
70	4	339	7
71	19	340	7
72	5	345	1
73	11	349	9
74	6	350	0
75	19	351	0
76	11	360	7
77	3	363	1
78	5	370	9
79	13	375	0
80	10	381	8
81	8	383	7
82	12	385	7
83	2	389	7
84	5	396	1
85	6	400	6
86	19	402	0
87	12	412	2
88	4	421	6
89	20	428	5
90	1	430	3
91	20	435	8
92	7	442	4
93	5	443	8
94	19	450	0
95	11	456	3
96	5	462	2
97	20	466	1
98	20	467	10
99	12	469	2
100	12	479	10
101	11	481	1
102	2	490	2
103	16	500	2
104	20	507	7
105	18	517	10
106	11	521	9
107	7	523	0
108	7	533	0
109	14	537	8
110	7	541	6
111	3	543	7
112	15	544	5
113	2	547	4
114	3	552	7
115	2	553	4
116	7	561	7
117	18	562	7
118	20	568	10
119	2	570	6
120	18	577	8
121	19	583	9
122	9	591	6
123	12	601	5
124	10	603	8
125	11	610	9
126	18	620	0
127	2	623	10
128	10	628	7
129	3	630	9
130	16	637	9
131	14	647	0
132	13	651	1
133	19	659	9
134	7	665	1
135	7	670	0
136	4	676	4
137	9	677	7
138	19	684	3
139	7	690	2
140	14	694	8
141	6	700	5
142	4	701	1
143	13	707	9
144	12	708	4
145	11	718	0
146	2	727	7
147	1	734	5
148	10	744	0
149	15	753	0
150	18	762	2
151	4	769	8
152	9	779	8
153	7	789	7
154	10	798	3
155	8	801	4
156	20	811	0
157	4	817	8
158	14	823	3
159	1	830	4
160	8	836	1
161	12	845	2
162	14	850	3
163	3	854	10
164	5	864	7
165	9	874	5
166	4	881	8
167	14	887	1
168	4	894	4
169	9	904	8
170	8	913	9
171	14	923	8
172	8	928	6
173	18	932	4
174	15	942	3
175	7	950	1
176	2	955	3
177	11	964	3
178	11	973	9
179	13	975	4
180	3	979	5
181	4	985	10
182	13	986	9
183	13	989	4
184	10	992	0
185	1	995	4
186	17	998	3
187	18	1002	4
188	10	1005	2
189	17	1010	9
190	14	1012	2
191	3	1014	9
192	3	1016	8
193	9	1025	5
194	20	1026	6
195	14	1028	8
196	5	1030	0
197	11	1038	4
198	10	1042	3
199	7	1043	5
200	5	1049	8
