      I      B      A      C      T      W
      0     17      0   87.3   87.3   70.3
      1     15      1   79.9   78.9   63.9
      2      4      7   21.0   14.0   10.0
      3      7     11   55.7   44.7   37.7
      4     20     18  275.5  257.5  237.5
      5      8     20   78.8   58.8   50.8
      6     18     26  265.0  239.0  221.0
      7     20     35  405.0  370.0  350.0
      8     19     43  457.6  414.6  395.6
      9     18     48  388.2  340.2  322.2
     10      2     54   72.5   18.5   16.5
     11     18     62  490.3  428.3  410.3
     12      9     72  215.5  143.5  134.5
     13     17     77  595.6  518.6  501.6
     14     11     87  326.0  239.0  228.0
     15     10     97  288.1  191.1  181.1
     16     15    102  634.5  532.5  517.5
     17      5    103  199.7   96.7   91.7
     18     17    111  839.5  728.5  711.5
     19     12    118  469.2  351.2  339.2
     20      5    122  242.9  120.9  115.9
     21      9    130  414.5  284.5  275.5
     22      4    135  212.3   77.3   73.3
     23      7    141  352.4  211.4  204.4
     24     10    150  473.4  323.4  313.4
     25      3    156  246.1   90.1   87.1
     26     20    161 1459.1 1298.1 1278.1
     27      6    171  333.4  162.4  156.4
     28     14    177  886.9  709.9  695.9
     29      4    182  290.2  108.2  104.2
     30      1    184  233.4   49.4   48.4
     31      3    192  306.0  114.0  111.0
     32      2    197  248.2   51.2   49.2
     33     13    200  981.7  781.7  768.7
     34      2    205  258.7   53.7   51.7
     35     17    214 1475.0 1261.0 1244.0
     36      3    216  334.5  118.5  115.5
     37     15    220 1310.8 1090.8 1075.8
     38     17    222 1540.4 1318.4 1301.4
     39      3    232  360.9  128.9  125.9
     40      5    238  481.9  243.9  238.9
     41     17    239 1585.8 1346.8 1329.8
     42      9    246  784.8  538.8  529.8
     43     19    250 1755.3 1505.3 1486.3
     44      5    258  526.1  268.1  263.1
     45      4    264  420.8  156.8  152.8
     46      1    268  331.3   63.3   62.3
     47     15    275 1514.0 1239.0 1224.0
     48      8    277  695.4  418.4  410.4
     49      4    280  446.0  166.0  162.0
     50     16    282 1549.9 1267.9 1251.9
     51      1    287  355.6   68.6   67.6
     52      4    291  459.7  168.7  164.7
     53      9    292  909.0  617.0  608.0
     54      3    294  467.1  173.1  170.1
     55     14    299 1368.7 1069.7 1055.7
     56      3    300  478.7  178.7  175.7
     57     13    303 1395.0 1092.0 1079.0
     58     16    307 1592.1 1285.1 1269.1
     59      9    308  964.8  656.8  647.8
     60      4    309  502.9  193.9  189.9
     61      3    315  512.4  197.4  194.4
     62     12    318 1211.8  893.8  881.8
     63      9    320  997.5  677.5  668.5
     64     14    323 1469.6 1146.6 1132.6
     65      2    325  416.6   91.6   89.6
     66      3    327  531.4  204.4  201.4
     67     20    333 1911.0 1578.0 1558.0
     68     10    338 1046.9  708.9  698.9
     69      4    339  549.3  210.3  206.3
     70     19    340 1930.0 1590.0 1571.0
     71      5    345  698.6  353.6  348.6
     72     11    349 1329.8  980.8  969.8
     73      6    350  721.7  371.7  365.7
     74     19    351 1942.7 1591.7 1572.7
     75     11    360 1354.0  994.0  983.0
     76      3    363  590.3  227.3  224.3
     77      5    370  748.0  378.0  373.0
     78     13    375 1579.4 1204.4 1191.4
     79     10    381 1161.4  780.4  770.4
     80      8    383  955.3  572.3  564.3
     81     12    385 1403.4 1018.4 1006.4
     82      2    389  500.8  111.8  109.8
     83      5    396  794.3  398.3  393.3
     84      6    400  796.4  396.4  390.4
     85     19    402 1977.5 1575.5 1556.5
     86     12    412 1461.2 1049.2 1037.2
     87      4    421  661.8  240.8  236.8
     88     20    428 2000.6 1572.6 1552.6
     89      1    430  545.1  115.1  114.1
     90     20    435 2008.0 1573.0 1553.0
     91      7    442 1075.3  633.3  626.3
     92      5    443  880.6  437.6  432.6
     93     19    450 2015.4 1565.4 1546.4
     94     11    456 1547.8 1091.8 1080.8
     95      5    462  913.3  451.3  446.3
     96     20    466 2021.7 1555.7 1535.7
     97     20    467 2025.9 1558.9 1538.9
     98     12    469 1565.7 1096.7 1084.7
     99     12    479 1576.2 1097.2 1085.2
    100     11    481 1580.5 1099.5 1088.5
    101      2    490  614.5  124.5  122.5
    102     16    500 1866.8 1366.8 1350.8
    103     20    507 2037.5 1530.5 1510.5
    104     18    517 1974.3 1457.3 1439.3
    105     11    521 1634.2 1113.2 1102.2
    106      7    523 1230.8  707.8  700.8
    107      7    533 1252.9  719.9  712.9
    108     14    537 1793.1 1256.1 1242.1
    109      7    541 1275.0  734.0  727.0
    110      3    543  846.9  303.9  300.9
    111     15    544 1924.7 1380.7 1365.7
    112      2    547  682.8  135.8  133.8
    113      3    552  860.6  308.6  305.6
    114      2    553  691.2  138.2  136.2
    115      7    561 1314.0  753.0  746.0
    116     18    562 2010.1 1448.1 1430.1
    117     20    568 2061.8 1493.8 1473.8
    118      2    570  715.4  145.4  143.4
    119     18    577 2017.5 1440.5 1422.5
    120     19    583 2062.9 1479.9 1460.9
    121      9    591 1557.3  966.3  957.3
    122     12    601 1729.9 1128.9 1116.9
    123     10    603 1578.3  975.3  965.3
    124     11    610 1739.4 1129.4 1118.4
    125     18    620 2035.4 1415.4 1397.4
    126      2    623  781.6  158.6  156.6
    127     10    628 1602.6  974.6  964.6
    128      3    630  974.3  344.3  341.3
    129     16    637 1972.2 1335.2 1319.2
    130     14    647 1887.8 1240.8 1226.8
    131     13    651 1893.1 1242.1 1229.1
    132     19    659 2077.7 1418.7 1399.7
    133      7    665 1476.1  811.1  804.1
    134      7    670 1491.9  821.9  814.9
    135      4    676 1038.5  362.5  358.5
    136      9    677 1672.1  995.1  986.1
    137     19    684 2080.9 1396.9 1377.9
    138      7    690 1517.2  827.2  820.2
    139     14    694 1932.1 1238.1 1224.1
    140      6    700 1312.9  612.9  606.9
    141      4    701 1074.2  373.2  369.2
    142     13    707 1935.3 1228.3 1215.3
    143     12    708 1831.0 1123.0 1111.0
    144     11    718 1838.4 1120.4 1109.4
    145      2    727  903.7  176.7  174.7
    146      1    734  910.1  176.1  175.1
    147     10    744 1721.5  977.5  967.5
    148     15    753 2029.1 1276.1 1261.1
    149     18    762 2068.2 1306.2 1288.2
    150      4    769 1163.5  394.5  390.5
    151      9    779 1743.7  964.7  955.7
    152      7    789 1607.9  818.9  811.9
    153     10    798 1757.4  959.4  949.4
    154      8    801 1618.4  817.4  809.4
    155     20    811 2085.1 1274.1 1254.1
    156      4    817 1227.6  410.6  406.6
    157     14    823 1990.1 1167.1 1153.1
    158      1    830 1019.6  189.6  188.6
    159      8    836 1657.3  821.3  813.3
    160     12    845 1917.3 1072.3 1060.3
    161     14    850 2003.8 1153.8 1139.8
    162      3    854 1292.9  438.9  435.9
    163      5    864 1518.3  654.3  649.3
    164      9    874 1824.7  950.7  941.7
    165      4    881 1320.3  439.3  435.3
    166     14    887 2012.2 1125.2 1111.2
    167      4    894 1334.0  440.0  436.0
    168      9    904 1843.7  939.7  930.7
    169      8    913 1717.3  804.3  796.3
    170     14    923 2023.8 1100.8 1086.8
    171      8    928 1727.8  799.8  791.8
    172     18    932 2083.0 1151.0 1133.0
    173     15    942 2066.1 1124.1 1109.1
    174      7    950 1740.5  790.5  783.5
    175      2    955 1165.6  210.6  208.6
    176     11    964 1964.8 1000.8  989.8
    177     11    973 1968.0  995.0  984.0
    178     13    975 2038.6 1063.6 1050.6
    179      3    979 1425.5  446.5  443.5
    180      4    985 1431.8  446.8  442.8
    181     13    986 2039.7 1053.7 1040.7
    182     13    989 2040.8 1051.8 1038.8
    183     10    992 1885.7  893.7  883.7
    184      1    995 1219.2  224.2  223.2
    185     17    998 2086.2 1088.2 1071.2
    186     18   1002 2088.3 1086.3 1068.3
    187     10   1005 1897.3  892.3  882.3
    188     17   1010 2089.4 1079.4 1062.4
    189     14   1012 2051.3 1039.3 1025.3
    190      3   1014 1470.7  456.7  453.7
    191      3   1016 1473.9  457.9  454.9
    192      9   1025 1906.8  881.8  872.8
    193     20   1026 2093.6 1067.6 1047.6
    194     14   1028 2057.6 1029.6 1015.6
    195      5   1030 1664.7  634.7  629.7
    196     11   1038 2001.7  963.7  952.7
    197     10   1042 1921.5  879.5  869.5
    198      7   1043 1813.1  770.1  763.1
    199      5   1049 1681.6  632.6  627.6
