      I      B      A      C      T      W
      0     17      0   17.0   17.0    0.0
      1     15      1   51.0   50.0   35.0
      2      4      7   21.0   14.0   10.0
      3      7     11   28.0   17.0   10.0
      4     20     18 1769.0 1751.0 1731.0
      5      8     20   36.0   16.0    8.0
      6     18     26   69.0   43.0   25.0
      7     20     35 1789.0 1754.0 1734.0
      8     19     43 1597.0 1554.0 1535.0
      9     18     48   87.0   39.0   21.0
     10      2     54   89.0   35.0   33.0
     11     18     62 1452.0 1390.0 1372.0
     12      9     72   98.0   26.0   17.0
     13     17     77 1332.0 1255.0 1238.0
     14     11     87  124.0   37.0   26.0
     15     10     97  108.0   11.0    1.0
     16     15    102  237.0  135.0  120.0
     17      5    103  113.0   10.0    5.0
     18     17    111 1349.0 1238.0 1221.0
     19     12    118  141.0   23.0   11.0
     20      5    122  129.0    7.0    2.0
     21      9    130  161.0   31.0   22.0
     22      4    135  145.0   10.0    6.0
     23      7    141  152.0   11.0    4.0
     24     10    150  174.0   24.0   14.0
     25      3    156  164.0    8.0    5.0
     26     20    161 1809.0 1648.0 1628.0
     27      6    171  180.0    9.0    3.0
     28     14    177  194.0   17.0    3.0
     29      4    182  204.0   22.0   18.0
     30      1    184  195.0   11.0   10.0
     31      3    192  198.0    6.0    3.0
     32      2    197  200.0    3.0    1.0
     33     13    200  217.0   17.0    4.0
     34      2    205  219.0   14.0   12.0
     35     17    214 1366.0 1152.0 1135.0
     36      3    216  222.0    6.0    3.0
     37     15    220  252.0   32.0   17.0
     38     17    222 1383.0 1161.0 1144.0
     39      3    232  255.0   23.0   20.0
     40      5    238  260.0   22.0   17.0
     41     17    239 1400.0 1161.0 1144.0
     42      9    246  279.0   33.0   24.0
     43     19    250 1616.0 1366.0 1347.0
     44      5    258  265.0    7.0    2.0
     45      4    264  269.0    5.0    1.0
     46      1    268  270.0    2.0    1.0
     47     15    275 1206.0  931.0  916.0
     48      8    277  287.0   10.0    2.0
     49      4    280  292.0   12.0    8.0
     50     16    282 1267.0  985.0  969.0
     51      1    287  288.0    1.0    0.0
     52      4    291  296.0    5.0    1.0
     53      9    292  308.0   16.0    7.0
     54      3    294  299.0    5.0    2.0
     55     14    299  791.0  492.0  478.0
     56      3    300  311.0   11.0    8.0
     57     13    303  597.0  294.0  281.0
     58     16    307 1283.0  976.0  960.0
     59      9    308  327.0   19.0   10.0
     60      4    309  315.0    6.0    2.0
     61      3    315  318.0    3.0    0.0
     62     12    318  444.0  126.0  114.0
     63      9    320  341.0   21.0   12.0
     64     14    323  805.0  482.0  468.0
     65      2    325  329.0    4.0    2.0
     66      3    327  332.0    5.0    2.0
     67     20    333 1829.0 1496.0 1476.0
     68     10    338  366.0   28.0   18.0
     69      4    339  345.0    6.0    2.0
     70     19    340 1635.0 1295.0 1276.0
     71      5    345  350.0    5.0    0.0
     72     11    349  380.0   31.0   20.0
     73      6    350  356.0    6.0    0.0
     74     19    351 1654.0 1303.0 1284.0
     75     11    360  391.0   31.0   20.0
     76      3    363  369.0    6.0    3.0
     77      5    370  396.0   26.0   21.0
     78     13    375  610.0  235.0  222.0
     79     10    381  427.0   46.0   36.0
     80      8    383  417.0   34.0   26.0
     81     12    385  456.0   71.0   59.0
     82      2    389  398.0    9.0    7.0
     83      5    396  403.0    7.0    2.0
     84      6    400  409.0    9.0    3.0
     85     19    402 1673.0 1271.0 1252.0
     86     12    412  468.0   56.0   44.0
     87      4    421  431.0   10.0    6.0
     88     20    428 1849.0 1421.0 1401.0
     89      1    430  432.0    2.0    1.0
     90     20    435 1869.0 1434.0 1414.0
     91      7    442  485.0   43.0   36.0
     92      5    443  473.0   30.0   25.0
     93     19    450 1692.0 1242.0 1223.0
     94     11    456  496.0   40.0   29.0
     95      5    462  478.0   16.0   11.0
     96     20    466 1889.0 1423.0 1403.0
     97     20    467 1909.0 1442.0 1422.0
     98     12    469  521.0   52.0   40.0
     99     12    479  533.0   54.0   42.0
    100     11    481  507.0   26.0   15.0
    101      2    490  509.0   19.0   17.0
    102     16    500 1299.0  799.0  783.0
    103     20    507 1929.0 1422.0 1402.0
    104     18    517 1470.0  953.0  935.0
    105     11    521  544.0   23.0   12.0
    106      7    523  551.0   28.0   21.0
    107      7    533  558.0   25.0   18.0
    108     14    537  819.0  282.0  268.0
    109      7    541  575.0   34.0   27.0
    110      3    543  561.0   18.0   15.0
    111     15    544 1221.0  677.0  662.0
    112      2    547  563.0   16.0   14.0
    113      3    552  568.0   16.0   13.0
    114      2    553  565.0   12.0   10.0
    115      7    561  582.0   21.0   14.0
    116     18    562 1488.0  926.0  908.0
    117     20    568 1949.0 1381.0 1361.0
    118      2    570  584.0   14.0   12.0
    119     18    577 1506.0  929.0  911.0
    120     19    583 1711.0 1128.0 1109.0
    121      9    591  619.0   28.0   19.0
    122     12    601  667.0   66.0   54.0
    123     10    603  629.0   26.0   16.0
    124     11    610  655.0   45.0   34.0
    125     18    620 1524.0  904.0  886.0
    126      2    623  631.0    8.0    6.0
    127     10    628  644.0   16.0    6.0
    128      3    630  634.0    4.0    1.0
    129     16    637 1315.0  678.0  662.0
    130     14    647  833.0  186.0  172.0
    131     13    651  750.0   99.0   86.0
    132     19    659 1730.0 1071.0 1052.0
    133      7    665  674.0    9.0    2.0
    134      7    670  681.0   11.0    4.0
    135      4    676  685.0    9.0    5.0
    136      9    677  694.0   17.0    8.0
    137     19    684 1749.0 1065.0 1046.0
    138      7    690  701.0   11.0    4.0
    139     14    694  847.0  153.0  139.0
    140      6    700  711.0   11.0    5.0
    141      4    701  705.0    4.0    0.0
    142     13    707  763.0   56.0   43.0
    143     12    708  723.0   15.0    3.0
    144     11    718  734.0   16.0    5.0
    145      2    727  737.0   10.0    8.0
    146      1    734  735.0    1.0    0.0
    147     10    744  773.0   29.0   19.0
    148     15    753 1236.0  483.0  468.0
    149     18    762 1542.0  780.0  762.0
    150      4    769  777.0    8.0    4.0
    151      9    779  896.0  117.0  108.0
    152      7    789  854.0   65.0   58.0
    153     10    798  936.0  138.0  128.0
    154      8    801  870.0   69.0   61.0
    155     20    811 1969.0 1158.0 1138.0
    156      4    817  858.0   41.0   37.0
    157     14    823 1121.0  298.0  284.0
    158      1    830  859.0   29.0   28.0
    159      8    836  878.0   42.0   34.0
    160     12    845  956.0  111.0   99.0
    161     14    850 1135.0  285.0  271.0
    162      3    854  862.0    8.0    5.0
    163      5    864  883.0   19.0   14.0
    164      9    874  905.0   31.0   22.0
    165      4    881  887.0    6.0    2.0
    166     14    887 1149.0  262.0  248.0
    167      4    894  909.0   15.0   11.0
    168      9    904  918.0   14.0    5.0
    169      8    913  926.0   13.0    5.0
    170     14    923 1163.0  240.0  226.0
    171      8    928  944.0   16.0    8.0
    172     18    932 1560.0  628.0  610.0
    173     15    942 1251.0  309.0  294.0
    174      7    950  965.0   15.0    8.0
    175      2    955  958.0    3.0    1.0
    176     11    964  976.0   12.0    1.0
    177     11    973  987.0   14.0    3.0
    178     13    975 1034.0   59.0   46.0
    179      3    979  990.0   11.0    8.0
    180      4    985  994.0    9.0    5.0
    181     13    986 1047.0   61.0   48.0
    182     13    989 1060.0   71.0   58.0
    183     10    992 1004.0   12.0    2.0
    184      1    995 1005.0   10.0    9.0
    185     17    998 1417.0  419.0  402.0
    186     18   1002 1578.0  576.0  558.0
    187     10   1005 1015.0   10.0    0.0
    188     17   1010 1434.0  424.0  407.0
    189     14   1012 1177.0  165.0  151.0
    190      3   1014 1018.0    4.0    1.0
    191      3   1016 1021.0    5.0    2.0
    192      9   1025 1086.0   61.0   52.0
    193     20   1026 1989.0  963.0  943.0
    194     14   1028 1191.0  163.0  149.0
    195      5   1030 1065.0   35.0   30.0
    196     11   1038 1107.0   69.0   58.0
    197     10   1042 1096.0   54.0   44.0
    198      7   1043 1077.0   34.0   27.0
    199      5   1049 1070.0   21.0   16.0
